> run.sh converted relative path to /home/tony/workspace/Python/Limes/testSpace/q2.fasta
> limes

Authenticated terminal as Tony
# BLASTN 2.5.0+
# Query: 122_S1 query
# Database: limes_server/db/blast/all
# Fields: query acc., subject acc., % identity, alignment length, mismatches, gap opens, q. start, q. end, s. start, s. end, evalue, bit score
# 500 hits found
122_S1	M03287:207:000000000-JKYK6:1:1101:23105:2921	100.000	301	0	0	1	301	1	301	7.78e-158	556
122_S1	M03287:207:000000000-JKYK6:1:1113:18744:9682	94.966	298	15	0	1	298	1	298	3.75e-131	468
122_S1	M03287:207:000000000-JKYK6:1:2103:25114:13429	97.436	273	7	0	1	273	1	273	1.35e-130	466
122_S1	M03287:207:000000000-JKYK6:1:2115:23437:18819	97.426	272	7	0	1	272	1	272	4.85e-130	464
122_S1	M03287:207:000000000-JKYK6:1:2115:23422:18808	94.649	299	16	0	1	299	1	299	4.85e-130	464
122_S1	M03287:207:000000000-JKYK6:1:1117:11975:6959	97.426	272	7	0	1	272	1	272	4.85e-130	464
122_S1	M03287:207:000000000-JKYK6:1:1112:6434:13804	96.441	281	10	0	1	281	1	281	4.85e-130	464
122_S1	M03287:207:000000000-JKYK6:1:2113:21957:6396	98.113	265	5	0	1	265	1	265	1.75e-129	462
122_S1	M03287:207:000000000-JKYK6:1:2103:25095:13431	96.441	281	8	2	1	280	1	280	1.75e-129	462
122_S1	M03287:207:000000000-JKYK6:1:1110:25294:9294	95.502	289	13	0	1	289	1	289	1.75e-129	462
122_S1	M03287:207:000000000-JKYK6:1:1104:22369:12047	94.915	295	15	0	1	295	1	295	1.75e-129	462
122_S1	M03287:207:000000000-JKYK6:1:2111:25250:9793	96.085	281	11	0	1	281	1	281	2.26e-128	459
122_S1	M03287:207:000000000-JKYK6:1:1118:8233:12556	97.059	272	8	0	1	272	1	272	2.26e-128	459
122_S1	M03287:207:000000000-JKYK6:1:1117:6782:17551	94.613	297	14	2	1	296	1	296	2.26e-128	459
122_S1	M03287:207:000000000-JKYK6:1:1116:20078:2561	97.059	272	8	0	1	272	1	272	2.26e-128	459
122_S1	M03287:207:000000000-JKYK6:1:1114:11292:15792	97.059	272	8	0	1	272	1	272	2.26e-128	459
122_S1	M03287:207:000000000-JKYK6:1:1111:23757:13079	97.059	272	8	0	1	272	1	272	2.26e-128	459
122_S1	M03287:207:000000000-JKYK6:1:1110:17460:15175	96.085	281	11	0	1	281	1	281	2.26e-128	459
122_S1	M03287:207:000000000-JKYK6:1:1110:25283:9315	97.059	272	8	0	1	272	1	272	2.26e-128	459
122_S1	M03287:207:000000000-JKYK6:1:1118:14172:22123	97.736	265	6	0	1	265	1	265	8.12e-128	457
122_S1	M03287:207:000000000-JKYK6:1:1113:18727:9685	96.071	280	11	0	1	280	1	280	8.12e-128	457
122_S1	M03287:207:000000000-JKYK6:1:1108:8981:13044	94.020	301	18	0	1	301	1	301	8.12e-128	457
122_S1	M03287:207:000000000-JKYK6:1:1107:18891:18764	94.595	296	14	2	1	295	1	295	8.12e-128	457
122_S1	M03287:207:000000000-JKYK6:1:1115:24081:5121	97.727	264	6	0	1	264	1	264	2.92e-127	455
122_S1	M03287:207:000000000-JKYK6:1:2118:9857:20728	96.691	272	9	0	1	272	1	272	1.05e-126	453
122_S1	M03287:207:000000000-JKYK6:1:2116:9188:13941	96.691	272	9	0	1	272	1	272	1.05e-126	453
122_S1	M03287:207:000000000-JKYK6:1:2115:16825:22533	95.730	281	12	0	1	281	1	281	1.05e-126	453
122_S1	M03287:207:000000000-JKYK6:1:2108:15000:10748	97.037	270	7	1	1	269	1	270	1.05e-126	453
122_S1	M03287:207:000000000-JKYK6:1:2106:10747:10174	96.691	272	9	0	1	272	1	272	1.05e-126	453
122_S1	M03287:207:000000000-JKYK6:1:2105:17544:13843	97.037	270	7	1	1	269	1	270	1.05e-126	453
122_S1	M03287:207:000000000-JKYK6:1:2105:9980:13047	94.257	296	17	0	1	296	1	296	1.05e-126	453
122_S1	M03287:207:000000000-JKYK6:1:2102:18512:15660	96.691	272	9	0	1	272	1	272	1.05e-126	453
122_S1	M03287:207:000000000-JKYK6:1:2102:17554:15262	97.037	270	7	1	1	269	1	270	1.05e-126	453
122_S1	M03287:207:000000000-JKYK6:1:1118:14241:17191	96.691	272	9	0	1	272	1	272	1.05e-126	453
122_S1	M03287:207:000000000-JKYK6:1:1117:5641:12134	96.691	272	9	0	1	272	1	272	1.05e-126	453
122_S1	M03287:207:000000000-JKYK6:1:1112:7155:17274	96.691	272	9	0	1	272	1	272	1.05e-126	453
122_S1	M03287:207:000000000-JKYK6:1:1108:6972:23597	97.037	270	6	2	1	269	1	269	1.05e-126	453
122_S1	M03287:207:000000000-JKYK6:1:1108:7210:14249	93.980	299	18	0	1	299	1	299	1.05e-126	453
122_S1	M03287:207:000000000-JKYK6:1:1107:20421:16035	96.691	272	9	0	1	272	1	272	1.05e-126	453
122_S1	M03287:207:000000000-JKYK6:1:1102:17178:13391	96.691	272	9	0	1	272	1	272	1.05e-126	453
122_S1	M03287:207:000000000-JKYK6:1:2119:21772:11401	97.358	265	7	0	1	265	1	265	3.78e-126	451
122_S1	M03287:207:000000000-JKYK6:1:2112:2498:8939	96.679	271	9	0	1	271	1	271	3.78e-126	451
122_S1	M03287:207:000000000-JKYK6:1:1114:24567:11301	95.714	280	12	0	1	280	1	280	3.78e-126	451
122_S1	M03287:207:000000000-JKYK6:1:1113:20826:11620	94.810	289	15	0	1	289	1	289	3.78e-126	451
122_S1	M03287:207:000000000-JKYK6:1:1109:15368:20459	95.423	284	11	2	1	283	1	283	3.78e-126	451
122_S1	M03287:207:000000000-JKYK6:1:1108:22257:13347	95.730	281	10	2	1	280	1	280	3.78e-126	451
122_S1	M03287:207:000000000-JKYK6:1:1107:9929:19912	95.730	281	11	1	1	280	1	281	3.78e-126	451
122_S1	M03287:207:000000000-JKYK6:1:2119:20237:9165	97.358	265	6	1	1	264	1	265	1.36e-125	449
122_S1	M03287:207:000000000-JKYK6:1:2111:11155:12213	95.699	279	12	0	1	279	1	279	1.36e-125	449
122_S1	M03287:207:000000000-JKYK6:1:2119:11009:10242	96.337	273	8	2	1	272	1	272	4.89e-125	448
122_S1	M03287:207:000000000-JKYK6:1:2119:21664:9221	96.324	272	10	0	1	272	1	272	4.89e-125	448
122_S1	M03287:207:000000000-JKYK6:1:2119:15243:6125	96.324	272	10	0	1	272	1	272	4.89e-125	448
122_S1	M03287:207:000000000-JKYK6:1:2118:7521:7024	96.324	272	10	0	1	272	1	272	4.89e-125	448
122_S1	M03287:207:000000000-JKYK6:1:2117:8275:20348	96.324	272	10	0	1	272	1	272	4.89e-125	448
122_S1	M03287:207:000000000-JKYK6:1:2114:23914:21146	96.324	272	10	0	1	272	1	272	4.89e-125	448
122_S1	M03287:207:000000000-JKYK6:1:2114:5906:12264	96.667	270	8	1	1	269	1	270	4.89e-125	448
122_S1	M03287:207:000000000-JKYK6:1:2112:7344:13848	96.654	269	9	0	1	269	1	269	4.89e-125	448
122_S1	M03287:207:000000000-JKYK6:1:2112:21993:4791	96.324	272	10	0	1	272	1	272	4.89e-125	448
122_S1	M03287:207:000000000-JKYK6:1:2107:22713:2536	96.324	272	10	0	1	272	1	272	4.89e-125	448
122_S1	M03287:207:000000000-JKYK6:1:2106:10752:10192	96.324	272	10	0	1	272	1	272	4.89e-125	448
122_S1	M03287:207:000000000-JKYK6:1:2106:22147:9970	96.324	272	10	0	1	272	1	272	4.89e-125	448
122_S1	M03287:207:000000000-JKYK6:1:2105:4474:21222	96.324	272	10	0	1	272	1	272	4.89e-125	448
122_S1	M03287:207:000000000-JKYK6:1:2104:5349:10915	93.919	296	18	0	1	296	1	296	4.89e-125	448
122_S1	M03287:207:000000000-JKYK6:1:2104:7656:5207	96.324	272	10	0	1	272	1	272	4.89e-125	448
122_S1	M03287:207:000000000-JKYK6:1:1118:15931:24293	95.406	283	10	3	1	281	1	282	4.89e-125	448
122_S1	M03287:207:000000000-JKYK6:1:1117:20242:2146	93.919	296	18	0	1	296	1	296	4.89e-125	448
122_S1	M03287:207:000000000-JKYK6:1:1116:24941:7852	96.324	272	10	0	1	272	1	272	4.89e-125	448
122_S1	M03287:207:000000000-JKYK6:1:1114:5816:13263	96.324	272	10	0	1	272	1	272	4.89e-125	448
122_S1	M03287:207:000000000-JKYK6:1:1114:22683:4858	96.324	272	10	0	1	272	1	272	4.89e-125	448
122_S1	M03287:207:000000000-JKYK6:1:1112:20054:20059	96.324	272	10	0	1	272	1	272	4.89e-125	448
122_S1	M03287:207:000000000-JKYK6:1:1112:11638:12428	96.324	272	10	0	1	272	1	272	4.89e-125	448
122_S1	M03287:207:000000000-JKYK6:1:1111:13320:13513	96.324	272	10	0	1	272	1	272	4.89e-125	448
122_S1	M03287:207:000000000-JKYK6:1:1111:23583:9480	96.324	272	10	0	1	272	1	272	4.89e-125	448
122_S1	M03287:207:000000000-JKYK6:1:1104:15573:15795	96.324	272	10	0	1	272	1	272	4.89e-125	448
122_S1	M03287:207:000000000-JKYK6:1:1102:17608:13442	93.960	298	14	4	1	296	1	296	4.89e-125	448
122_S1	M03287:207:000000000-JKYK6:1:2118:7500:7018	96.324	272	9	1	1	272	1	271	1.76e-124	446
122_S1	M03287:207:000000000-JKYK6:1:2117:25157:17128	95.668	277	12	0	1	277	1	277	1.76e-124	446
122_S1	M03287:207:000000000-JKYK6:1:2115:20106:8448	96.981	265	8	0	1	265	1	265	1.76e-124	446
122_S1	M03287:207:000000000-JKYK6:1:2111:20648:20115	93.624	298	19	0	1	298	1	298	1.76e-124	446
122_S1	M03287:207:000000000-JKYK6:1:2111:11166:12198	95.357	280	13	0	1	280	1	280	1.76e-124	446
122_S1	M03287:207:000000000-JKYK6:1:2106:26117:16781	96.337	273	7	3	1	272	1	271	1.76e-124	446
122_S1	M03287:207:000000000-JKYK6:1:2105:14134:12528	95.374	281	11	2	1	280	1	280	1.76e-124	446
122_S1	M03287:207:000000000-JKYK6:1:2104:4909:16113	94.464	289	16	0	1	289	1	289	1.76e-124	446
122_S1	M03287:207:000000000-JKYK6:1:1118:18562:14395	96.981	265	8	0	1	265	1	265	1.76e-124	446
122_S1	M03287:207:000000000-JKYK6:1:1117:5635:12117	97.328	262	7	0	1	262	1	262	1.76e-124	446
122_S1	M03287:207:000000000-JKYK6:1:1116:12669:20308	94.755	286	15	0	1	286	1	286	1.76e-124	446
122_S1	M03287:207:000000000-JKYK6:1:1112:25240:11872	96.981	265	8	0	1	265	1	265	1.76e-124	446
122_S1	M03287:207:000000000-JKYK6:1:1109:15294:8846	96.981	265	8	0	1	265	1	265	1.76e-124	446
122_S1	M03287:207:000000000-JKYK6:1:1104:22378:12030	96.324	272	9	1	1	271	1	272	1.76e-124	446
122_S1	M03287:207:000000000-JKYK6:1:1104:6982:7204	96.981	265	8	0	1	265	1	265	1.76e-124	446
122_S1	M03287:207:000000000-JKYK6:1:1101:14407:18096	96.981	265	8	0	1	265	1	265	1.76e-124	446
122_S1	M03287:207:000000000-JKYK6:1:2117:17496:20040	96.296	270	10	0	1	270	1	270	6.32e-124	444
122_S1	M03287:207:000000000-JKYK6:1:2101:13655:6601	96.629	267	9	0	1	267	1	267	6.32e-124	444
122_S1	M03287:207:000000000-JKYK6:1:1104:24301:13767	96.981	265	7	1	1	264	1	265	6.32e-124	444
122_S1	M03287:207:000000000-JKYK6:1:1104:24285:13758	96.970	264	8	0	1	264	1	264	6.32e-124	444
122_S1	M03287:207:000000000-JKYK6:1:1104:17313:6434	96.629	267	9	0	1	267	1	267	6.32e-124	444
122_S1	M03287:207:000000000-JKYK6:1:2119:4500:12635	95.018	281	14	0	1	281	1	281	2.27e-123	442
122_S1	M03287:207:000000000-JKYK6:1:2118:10268:10675	95.956	272	11	0	1	272	1	272	2.27e-123	442
122_S1	M03287:207:000000000-JKYK6:1:2115:20116:8431	95.018	281	14	0	1	281	1	281	2.27e-123	442
122_S1	M03287:207:000000000-JKYK6:1:2114:9657:19469	95.956	272	11	0	1	272	2	273	2.27e-123	442
122_S1	M03287:207:000000000-JKYK6:1:2112:3919:11657	95.956	272	11	0	1	272	1	272	2.27e-123	442
122_S1	M03287:207:000000000-JKYK6:1:2111:3854:10949	95.956	272	11	0	1	272	1	272	2.27e-123	442
122_S1	M03287:207:000000000-JKYK6:1:2110:3632:14768	93.603	297	17	2	1	296	1	296	2.27e-123	442
122_S1	M03287:207:000000000-JKYK6:1:2108:22128:14780	95.035	282	12	2	1	281	1	281	2.27e-123	442
122_S1	M03287:207:000000000-JKYK6:1:2106:6863:9873	96.629	267	8	1	1	267	1	266	2.27e-123	442
122_S1	M03287:207:000000000-JKYK6:1:2105:15863:13284	95.956	272	11	0	1	272	1	272	2.27e-123	442
122_S1	M03287:207:000000000-JKYK6:1:2104:4897:16131	95.956	272	11	0	1	272	1	272	2.27e-123	442
122_S1	M03287:207:000000000-JKYK6:1:2104:7662:5227	95.956	272	11	0	1	272	1	272	2.27e-123	442
122_S1	M03287:207:000000000-JKYK6:1:2102:6970:5864	95.956	272	11	0	1	272	1	272	2.27e-123	442
122_S1	M03287:207:000000000-JKYK6:1:1118:14985:17430	95.956	272	11	0	1	272	1	272	2.27e-123	442
122_S1	M03287:207:000000000-JKYK6:1:1118:15961:10238	95.018	281	14	0	1	281	1	281	2.27e-123	442
122_S1	M03287:207:000000000-JKYK6:1:1115:17311:4882	95.956	272	11	0	1	272	1	272	2.27e-123	442
122_S1	M03287:207:000000000-JKYK6:1:1112:22125:20645	95.956	272	11	0	1	272	1	272	2.27e-123	442
122_S1	M03287:207:000000000-JKYK6:1:1112:11388:14546	95.956	272	11	0	1	272	1	272	2.27e-123	442
122_S1	M03287:207:000000000-JKYK6:1:1111:16339:17953	95.956	272	11	0	1	272	1	272	2.27e-123	442
122_S1	M03287:207:000000000-JKYK6:1:1111:16354:17943	94.737	285	13	2	1	284	1	284	2.27e-123	442
122_S1	M03287:207:000000000-JKYK6:1:1111:13208:15598	95.956	272	11	0	1	272	1	272	2.27e-123	442
122_S1	M03287:207:000000000-JKYK6:1:1108:12538:7643	95.956	272	11	0	1	272	1	272	2.27e-123	442
122_S1	M03287:207:000000000-JKYK6:1:1107:28584:15829	95.956	272	11	0	1	272	1	272	2.27e-123	442
122_S1	M03287:207:000000000-JKYK6:1:1106:20506:14204	95.956	272	11	0	1	272	1	272	2.27e-123	442
122_S1	M03287:207:000000000-JKYK6:1:1106:24520:6738	95.956	272	11	0	1	272	1	272	2.27e-123	442
122_S1	M03287:207:000000000-JKYK6:1:1104:21988:10238	95.956	272	11	0	1	272	1	272	2.27e-123	442
122_S1	M03287:207:000000000-JKYK6:1:1102:4827:5728	95.956	272	11	0	1	272	1	272	2.27e-123	442
122_S1	M03287:207:000000000-JKYK6:1:2119:19184:21234	96.617	266	8	1	1	266	1	265	8.18e-123	440
122_S1	M03287:207:000000000-JKYK6:1:2119:4210:11540	96.604	265	9	0	1	265	1	265	8.18e-123	440
122_S1	M03287:207:000000000-JKYK6:1:2116:8772:15169	96.604	265	9	0	1	265	1	265	8.18e-123	440
122_S1	M03287:207:000000000-JKYK6:1:2108:22114:14793	95.018	281	12	2	1	280	1	280	8.18e-123	440
122_S1	M03287:207:000000000-JKYK6:1:2108:15016:10763	96.604	265	9	0	1	265	1	265	8.18e-123	440
122_S1	M03287:207:000000000-JKYK6:1:1117:3689:18290	96.604	265	9	0	1	265	1	265	8.18e-123	440
122_S1	M03287:207:000000000-JKYK6:1:1115:9646:6869	96.604	265	9	0	1	265	1	265	8.18e-123	440
122_S1	M03287:207:000000000-JKYK6:1:1114:5832:13279	96.604	265	9	0	1	265	1	265	8.18e-123	440
122_S1	M03287:207:000000000-JKYK6:1:1114:19358:2810	94.718	284	13	2	1	283	1	283	8.18e-123	440
122_S1	M03287:207:000000000-JKYK6:1:1108:15133:7078	96.604	265	9	0	1	265	1	265	8.18e-123	440
122_S1	M03287:207:000000000-JKYK6:1:1103:3157:16195	95.956	272	10	1	1	272	1	271	8.18e-123	440
122_S1	M03287:207:000000000-JKYK6:1:1101:14481:14990	95.000	280	14	0	1	280	1	280	8.18e-123	440
122_S1	M03287:207:000000000-JKYK6:1:1118:25488:6293	96.591	264	9	0	1	264	1	264	2.94e-122	438
122_S1	M03287:207:000000000-JKYK6:1:1113:27388:15308	93.836	292	17	1	1	292	1	291	2.94e-122	438
122_S1	M03287:207:000000000-JKYK6:1:1108:6948:7460	95.941	271	9	2	1	269	1	271	2.94e-122	438
122_S1	M03287:207:000000000-JKYK6:1:2118:10252:10684	95.588	272	12	0	1	272	1	272	1.06e-121	436
122_S1	M03287:207:000000000-JKYK6:1:2112:21938:18490	95.588	272	12	0	1	272	1	272	1.06e-121	436
122_S1	M03287:207:000000000-JKYK6:1:2111:11076:15049	94.681	282	13	2	1	281	1	281	1.06e-121	436
122_S1	M03287:207:000000000-JKYK6:1:2111:7146:8796	95.588	272	12	0	1	272	1	272	1.06e-121	436
122_S1	M03287:207:000000000-JKYK6:1:2110:25713:16325	95.588	272	12	0	1	272	1	272	1.06e-121	436
122_S1	M03287:207:000000000-JKYK6:1:2110:11865:15213	95.588	272	12	0	1	272	1	272	1.06e-121	436
122_S1	M03287:207:000000000-JKYK6:1:2108:8365:16623	95.926	270	10	1	1	269	1	270	1.06e-121	436
122_S1	M03287:207:000000000-JKYK6:1:2108:11539:3503	95.588	272	12	0	1	272	1	272	1.06e-121	436
122_S1	M03287:207:000000000-JKYK6:1:2107:23824:8626	95.588	272	12	0	1	272	1	272	1.06e-121	436
122_S1	M03287:207:000000000-JKYK6:1:2106:11781:22299	95.926	270	10	1	1	269	1	270	1.06e-121	436
122_S1	M03287:207:000000000-JKYK6:1:2106:22129:9970	95.588	272	12	0	1	272	1	272	1.06e-121	436
122_S1	M03287:207:000000000-JKYK6:1:2105:15860:13266	94.681	282	13	2	1	281	1	281	1.06e-121	436
122_S1	M03287:207:000000000-JKYK6:1:2105:21451:13076	95.926	270	10	1	1	269	1	270	1.06e-121	436
122_S1	M03287:207:000000000-JKYK6:1:2103:18166:4966	95.588	272	12	0	1	272	1	272	1.06e-121	436
122_S1	M03287:207:000000000-JKYK6:1:2102:3444:7708	94.662	281	15	0	1	281	1	281	1.06e-121	436
122_S1	M03287:207:000000000-JKYK6:1:1119:13615:16391	95.588	272	12	0	1	272	1	272	1.06e-121	436
122_S1	M03287:207:000000000-JKYK6:1:1118:25479:6275	95.588	272	12	0	1	272	1	272	1.06e-121	436
122_S1	M03287:207:000000000-JKYK6:1:1118:25783:3602	95.588	272	12	0	1	272	1	272	1.06e-121	436
122_S1	M03287:207:000000000-JKYK6:1:1117:18011:20864	95.604	273	10	2	1	272	1	272	1.06e-121	436
122_S1	M03287:207:000000000-JKYK6:1:1117:11349:4368	95.588	272	12	0	1	272	1	272	1.06e-121	436
122_S1	M03287:207:000000000-JKYK6:1:1116:25257:20909	95.588	272	12	0	1	272	1	272	1.06e-121	436
122_S1	M03287:207:000000000-JKYK6:1:1115:25682:18849	94.681	282	13	2	1	281	1	281	1.06e-121	436
122_S1	M03287:207:000000000-JKYK6:1:1113:20365:20198	94.662	281	15	0	1	281	1	281	1.06e-121	436
122_S1	M03287:207:000000000-JKYK6:1:1113:20531:3995	95.588	272	12	0	1	272	1	272	1.06e-121	436
122_S1	M03287:207:000000000-JKYK6:1:1111:6379:13065	95.588	272	12	0	1	272	1	272	1.06e-121	436
122_S1	M03287:207:000000000-JKYK6:1:1108:6968:7470	95.588	272	12	0	1	272	1	272	1.06e-121	436
122_S1	M03287:207:000000000-JKYK6:1:1106:13658:5163	96.578	263	9	0	1	263	1	263	1.06e-121	436
122_S1	M03287:207:000000000-JKYK6:1:1102:6119:11766	95.911	269	11	0	1	269	1	269	1.06e-121	436
122_S1	M03287:207:000000000-JKYK6:1:1101:28626:18240	96.578	263	9	0	1	263	1	263	1.06e-121	436
122_S1	M03287:207:000000000-JKYK6:1:1101:16669:7638	95.588	272	12	0	1	272	1	272	1.06e-121	436
122_S1	M03287:207:000000000-JKYK6:1:1101:16670:7621	94.386	285	14	2	1	284	1	284	1.06e-121	436
122_S1	M03287:207:000000000-JKYK6:1:2117:16848:2180	95.588	272	11	1	1	271	1	272	3.80e-121	435
122_S1	M03287:207:000000000-JKYK6:1:2116:2982:8744	96.226	265	10	0	1	265	1	265	3.80e-121	435
122_S1	M03287:207:000000000-JKYK6:1:2114:23907:21128	95.588	272	11	1	1	271	1	272	3.80e-121	435
122_S1	M03287:207:000000000-JKYK6:1:2109:13046:16748	96.226	265	10	0	1	265	1	265	3.80e-121	435
122_S1	M03287:207:000000000-JKYK6:1:2109:4643:14229	94.346	283	16	0	1	283	1	283	3.80e-121	435
122_S1	M03287:207:000000000-JKYK6:1:2107:14749:19120	96.226	265	10	0	1	265	1	265	3.80e-121	435
122_S1	M03287:207:000000000-JKYK6:1:2106:22145:9953	96.226	265	10	0	1	265	1	265	3.80e-121	435
122_S1	M03287:207:000000000-JKYK6:1:2103:25162:9186	96.241	266	9	1	1	266	1	265	3.80e-121	435
122_S1	M03287:207:000000000-JKYK6:1:1118:14184:22109	96.241	266	9	1	1	266	1	265	3.80e-121	435
122_S1	M03287:207:000000000-JKYK6:1:1104:22007:10232	96.226	265	10	0	1	265	1	265	3.80e-121	435
122_S1	M03287:207:000000000-JKYK6:1:2119:20790:13866	96.552	261	9	0	1	261	1	261	1.37e-120	433
122_S1	M03287:207:000000000-JKYK6:1:2108:26610:15572	95.273	275	10	3	1	273	1	274	1.37e-120	433
122_S1	M03287:207:000000000-JKYK6:1:2101:4525:7466	95.880	267	11	0	1	267	1	267	1.37e-120	433
122_S1	M03287:207:000000000-JKYK6:1:1107:4820:14859	96.226	265	9	1	1	265	1	264	1.37e-120	433
122_S1	M03287:207:000000000-JKYK6:1:1105:10311:5063	96.212	264	10	0	1	264	1	264	1.37e-120	433
122_S1	M03287:207:000000000-JKYK6:1:1105:17416:1602	96.212	264	10	0	1	264	1	264	1.37e-120	433
122_S1	M03287:207:000000000-JKYK6:1:2119:14925:24054	95.238	273	11	2	1	272	1	272	4.92e-120	431
122_S1	M03287:207:000000000-JKYK6:1:2118:29620:14385	95.221	272	13	0	1	272	1	272	4.92e-120	431
122_S1	M03287:207:000000000-JKYK6:1:2113:21940:6403	95.221	272	13	0	1	272	1	272	4.92e-120	431
122_S1	M03287:207:000000000-JKYK6:1:2112:22598:16592	95.221	272	13	0	1	272	1	272	4.92e-120	431
122_S1	M03287:207:000000000-JKYK6:1:2110:25694:16315	95.221	272	13	0	1	272	1	272	4.92e-120	431
122_S1	M03287:207:000000000-JKYK6:1:2110:19936:1918	94.306	281	16	0	1	281	1	281	4.92e-120	431
122_S1	M03287:207:000000000-JKYK6:1:2109:18511:21347	94.306	281	16	0	1	281	1	281	4.92e-120	431
122_S1	M03287:207:000000000-JKYK6:1:2108:26629:15570	95.221	272	13	0	1	272	1	272	4.92e-120	431
122_S1	M03287:207:000000000-JKYK6:1:2107:14749:19138	95.221	272	13	0	1	272	1	272	4.92e-120	431
122_S1	M03287:207:000000000-JKYK6:1:2105:4493:21216	95.221	272	13	0	1	272	1	272	4.92e-120	431
122_S1	M03287:207:000000000-JKYK6:1:2105:15849:13252	95.221	272	13	0	1	272	1	272	4.92e-120	431
122_S1	M03287:207:000000000-JKYK6:1:1119:20725:6584	95.238	273	11	2	1	272	1	272	4.92e-120	431
122_S1	M03287:207:000000000-JKYK6:1:1118:11610:16377	94.306	281	16	0	1	281	1	281	4.92e-120	431
122_S1	M03287:207:000000000-JKYK6:1:1117:3706:18296	95.221	272	13	0	1	272	1	272	4.92e-120	431
122_S1	M03287:207:000000000-JKYK6:1:1117:21622:12527	95.221	272	13	0	1	272	1	272	4.92e-120	431
122_S1	M03287:207:000000000-JKYK6:1:1113:20538:3978	95.221	272	13	0	1	272	1	272	4.92e-120	431
122_S1	M03287:207:000000000-JKYK6:1:1112:14355:7169	95.238	273	11	2	1	272	1	272	4.92e-120	431
122_S1	M03287:207:000000000-JKYK6:1:1112:25104:3796	95.221	272	13	0	1	272	1	272	4.92e-120	431
122_S1	M03287:207:000000000-JKYK6:1:1108:17583:11656	95.221	272	13	0	1	272	1	272	4.92e-120	431
122_S1	M03287:207:000000000-JKYK6:1:1103:25440:20411	95.556	270	11	1	1	269	1	270	4.92e-120	431
122_S1	M03287:207:000000000-JKYK6:1:1102:17197:13401	93.750	288	16	2	1	287	1	287	4.92e-120	431
122_S1	M03287:207:000000000-JKYK6:1:1102:4818:5712	95.221	272	13	0	1	272	1	272	4.92e-120	431
122_S1	M03287:207:000000000-JKYK6:1:1102:25195:5059	95.221	272	13	0	1	272	1	272	4.92e-120	431
122_S1	M03287:207:000000000-JKYK6:1:2118:7507:7037	95.221	272	12	1	1	271	1	272	1.77e-119	429
122_S1	M03287:207:000000000-JKYK6:1:2117:27032:14328	94.286	280	16	0	1	280	1	280	1.77e-119	429
122_S1	M03287:207:000000000-JKYK6:1:1113:28233:15117	95.849	265	11	0	1	265	1	265	1.77e-119	429
122_S1	M03287:207:000000000-JKYK6:1:1113:17727:5157	95.221	272	12	1	1	271	1	272	1.77e-119	429
122_S1	M03287:207:000000000-JKYK6:1:1108:17599:11645	95.849	265	11	0	1	265	1	265	1.77e-119	429
122_S1	M03287:207:000000000-JKYK6:1:1106:25379:7578	95.849	265	11	0	1	265	1	265	1.77e-119	429
122_S1	M03287:207:000000000-JKYK6:1:1105:11642:18895	95.849	265	11	0	1	265	1	265	1.77e-119	429
122_S1	M03287:207:000000000-JKYK6:1:1102:8887:18704	95.221	272	12	1	1	272	1	271	1.77e-119	429
122_S1	M03287:207:000000000-JKYK6:1:1119:19397:5213	95.833	264	11	0	1	264	1	264	6.37e-119	427
122_S1	M03287:207:000000000-JKYK6:1:1115:25690:18867	93.972	282	17	0	1	282	1	282	6.37e-119	427
122_S1	M03287:207:000000000-JKYK6:1:1105:8348:8755	95.833	264	11	0	1	264	1	264	6.37e-119	427
122_S1	M03287:207:000000000-JKYK6:1:2119:5590:20813	96.154	260	10	0	1	260	1	260	2.29e-118	425
122_S1	M03287:207:000000000-JKYK6:1:2119:28261:13182	95.167	269	13	0	1	269	1	269	2.29e-118	425
122_S1	M03287:207:000000000-JKYK6:1:2116:16850:22373	94.853	272	14	0	1	272	1	272	2.29e-118	425
122_S1	M03287:207:000000000-JKYK6:1:2116:16009:1946	94.853	272	14	0	1	272	1	272	2.29e-118	425
122_S1	M03287:207:000000000-JKYK6:1:2115:16827:22515	95.506	267	10	2	1	267	1	265	2.29e-118	425
122_S1	M03287:207:000000000-JKYK6:1:2113:26198:13376	95.817	263	11	0	1	263	1	263	2.29e-118	425
122_S1	M03287:207:000000000-JKYK6:1:2112:14154:3027	94.872	273	12	2	1	272	1	272	2.29e-118	425
122_S1	M03287:207:000000000-JKYK6:1:2111:25250:9813	95.506	267	10	1	1	267	1	265	2.29e-118	425
122_S1	M03287:207:000000000-JKYK6:1:2110:2958:18879	95.185	270	12	1	1	269	1	270	2.29e-118	425
122_S1	M03287:207:000000000-JKYK6:1:2109:8069:23172	94.853	272	14	0	1	272	1	272	2.29e-118	425
122_S1	M03287:207:000000000-JKYK6:1:2109:15689:2661	92.617	298	18	3	1	296	1	296	2.29e-118	425
122_S1	M03287:207:000000000-JKYK6:1:2108:8382:16618	93.127	291	19	1	1	291	1	290	2.29e-118	425
122_S1	M03287:207:000000000-JKYK6:1:2106:9585:21352	94.853	272	14	0	1	272	1	272	2.29e-118	425
122_S1	M03287:207:000000000-JKYK6:1:2106:9580:21332	94.853	272	14	0	1	272	1	272	2.29e-118	425
122_S1	M03287:207:000000000-JKYK6:1:2105:26051:13904	95.167	269	13	0	1	269	1	269	2.29e-118	425
122_S1	M03287:207:000000000-JKYK6:1:2102:12740:19566	94.853	272	14	0	1	272	1	272	2.29e-118	425
122_S1	M03287:207:000000000-JKYK6:1:2102:9601:8251	94.872	273	12	2	1	272	1	272	2.29e-118	425
122_S1	M03287:207:000000000-JKYK6:1:2101:14224:20647	95.185	270	12	1	1	269	1	270	2.29e-118	425
122_S1	M03287:207:000000000-JKYK6:1:1119:22783:19184	94.853	272	14	0	1	272	1	272	2.29e-118	425
122_S1	M03287:207:000000000-JKYK6:1:1117:11876:6366	95.185	270	12	1	1	269	1	270	2.29e-118	425
122_S1	M03287:207:000000000-JKYK6:1:1117:21343:3501	94.853	272	14	0	1	272	1	272	2.29e-118	425
122_S1	M03287:207:000000000-JKYK6:1:1117:21327:3489	94.853	272	14	0	1	272	1	272	2.29e-118	425
122_S1	M03287:207:000000000-JKYK6:1:1116:12132:10965	94.853	272	14	0	1	272	1	272	2.29e-118	425
122_S1	M03287:207:000000000-JKYK6:1:1115:17798:12275	94.853	272	14	0	1	272	1	272	2.29e-118	425
122_S1	M03287:207:000000000-JKYK6:1:1113:27398:15325	94.853	272	14	0	1	272	1	272	2.29e-118	425
122_S1	M03287:207:000000000-JKYK6:1:1109:26353:11454	93.684	285	16	2	1	284	1	284	2.29e-118	425
122_S1	M03287:207:000000000-JKYK6:1:1109:3326:10554	94.853	272	14	0	1	272	1	272	2.29e-118	425
122_S1	M03287:207:000000000-JKYK6:1:1108:6979:23616	96.850	254	8	0	1	254	1	254	2.29e-118	425
122_S1	M03287:207:000000000-JKYK6:1:1105:8371:8755	94.853	272	14	0	1	272	1	272	2.29e-118	425
122_S1	M03287:207:000000000-JKYK6:1:1104:13176:16696	92.568	296	22	0	1	296	1	296	2.29e-118	425
122_S1	M03287:207:000000000-JKYK6:1:1101:25699:11346	94.853	272	14	0	1	272	1	272	2.29e-118	425
122_S1	M03287:207:000000000-JKYK6:1:2118:6325:4754	93.929	280	17	0	1	280	1	280	8.24e-118	424
122_S1	M03287:207:000000000-JKYK6:1:2112:21925:18475	95.472	265	12	0	1	265	1	265	8.24e-118	424
122_S1	M03287:207:000000000-JKYK6:1:2108:26627:15587	95.489	266	11	1	1	266	1	265	8.24e-118	424
122_S1	M03287:207:000000000-JKYK6:1:2108:11530:3488	94.834	271	14	0	1	271	1	271	8.24e-118	424
122_S1	M03287:207:000000000-JKYK6:1:2104:4892:16111	95.472	265	12	0	1	265	1	265	8.24e-118	424
122_S1	M03287:207:000000000-JKYK6:1:1118:19789:2352	95.167	269	12	1	1	268	1	269	8.24e-118	424
122_S1	M03287:207:000000000-JKYK6:1:1109:22651:18401	95.472	265	12	0	1	265	1	265	8.24e-118	424
122_S1	M03287:207:000000000-JKYK6:1:1108:12893:3755	95.489	266	11	1	1	266	1	265	8.24e-118	424
122_S1	M03287:207:000000000-JKYK6:1:1107:18510:4404	95.489	266	10	2	1	265	1	265	8.24e-118	424
122_S1	M03287:207:000000000-JKYK6:1:1102:8909:18705	95.472	265	12	0	1	265	1	265	8.24e-118	424
122_S1	M03287:207:000000000-JKYK6:1:2119:24373:22306	95.455	264	12	0	1	264	1	264	2.96e-117	422
122_S1	M03287:207:000000000-JKYK6:1:2116:2999:8752	95.131	267	13	0	1	267	1	267	2.96e-117	422
122_S1	M03287:207:000000000-JKYK6:1:2102:18531:15661	97.189	249	7	0	1	249	1	249	2.96e-117	422
122_S1	M03287:207:000000000-JKYK6:1:1113:27379:15325	95.785	261	11	0	1	261	1	261	2.96e-117	422
122_S1	M03287:207:000000000-JKYK6:1:2119:20783:13884	94.485	272	15	0	1	272	1	272	1.07e-116	420
122_S1	M03287:207:000000000-JKYK6:1:2117:17483:20054	93.617	282	16	2	1	281	1	281	1.07e-116	420
122_S1	M03287:207:000000000-JKYK6:1:2111:24735:22894	95.437	263	12	0	1	263	1	263	1.07e-116	420
122_S1	M03287:207:000000000-JKYK6:1:2111:16674:18060	94.485	272	15	0	1	272	1	272	1.07e-116	420
122_S1	M03287:207:000000000-JKYK6:1:2109:13060:16730	94.505	273	13	2	1	272	1	272	1.07e-116	420
122_S1	M03287:207:000000000-JKYK6:1:2109:4655:14213	94.485	272	15	0	1	272	1	272	1.07e-116	420
122_S1	M03287:207:000000000-JKYK6:1:2108:26647:15576	94.485	272	15	0	1	272	1	272	1.07e-116	420
122_S1	M03287:207:000000000-JKYK6:1:2108:23807:7216	94.485	272	15	0	1	272	1	272	1.07e-116	420
122_S1	M03287:207:000000000-JKYK6:1:2105:15878:13262	94.485	272	15	0	1	272	1	272	1.07e-116	420
122_S1	M03287:207:000000000-JKYK6:1:2103:8184:23196	94.485	272	15	0	1	272	1	272	1.07e-116	420
122_S1	M03287:207:000000000-JKYK6:1:2103:8457:3635	93.594	281	18	0	1	281	1	281	1.07e-116	420
122_S1	M03287:207:000000000-JKYK6:1:2101:4474:8748	94.485	272	15	0	1	272	1	272	1.07e-116	420
122_S1	M03287:207:000000000-JKYK6:1:1118:24091:17903	94.485	272	15	0	1	272	1	272	1.07e-116	420
122_S1	M03287:207:000000000-JKYK6:1:1117:11361:4352	94.485	272	15	0	1	272	1	272	1.07e-116	420
122_S1	M03287:207:000000000-JKYK6:1:1116:2801:10056	93.617	282	16	2	1	281	1	281	1.07e-116	420
122_S1	M03287:207:000000000-JKYK6:1:1115:9631:6852	94.815	270	13	1	1	269	1	270	1.07e-116	420
122_S1	M03287:207:000000000-JKYK6:1:1113:11589:21548	94.485	272	15	0	1	272	1	272	1.07e-116	420
122_S1	M03287:207:000000000-JKYK6:1:1109:26334:11452	93.594	281	18	0	1	281	1	281	1.07e-116	420
122_S1	M03287:207:000000000-JKYK6:1:1108:17598:11665	94.815	270	13	1	1	269	1	270	1.07e-116	420
122_S1	M03287:207:000000000-JKYK6:1:1102:21856:19275	92.256	297	21	2	1	296	1	296	1.07e-116	420
122_S1	M03287:207:000000000-JKYK6:1:1102:10511:2543	94.485	272	15	0	1	272	1	272	1.07e-116	420
122_S1	M03287:207:000000000-JKYK6:1:1101:17991:16482	94.796	269	14	0	1	269	1	269	1.07e-116	420
122_S1	M03287:207:000000000-JKYK6:1:1101:17996:16462	94.485	272	15	0	1	272	1	272	1.07e-116	420
122_S1	M03287:207:000000000-JKYK6:1:2118:22175:23862	94.465	271	15	0	1	271	1	271	3.83e-116	418
122_S1	M03287:207:000000000-JKYK6:1:2110:27982:15319	95.113	266	11	2	1	265	1	265	3.83e-116	418
122_S1	M03287:207:000000000-JKYK6:1:2109:18497:21361	95.094	265	13	0	1	265	1	265	3.83e-116	418
122_S1	M03287:207:000000000-JKYK6:1:2105:9964:13060	93.286	283	19	0	1	283	1	283	3.83e-116	418
122_S1	M03287:207:000000000-JKYK6:1:1116:25379:10574	95.094	265	13	0	1	265	1	265	3.83e-116	418
122_S1	M03287:207:000000000-JKYK6:1:1111:27101:15416	95.094	265	13	0	1	265	1	265	3.83e-116	418
122_S1	M03287:207:000000000-JKYK6:1:1111:22494:11192	94.485	272	14	1	1	271	1	272	3.83e-116	418
122_S1	M03287:207:000000000-JKYK6:1:1111:17513:7575	93.286	283	19	0	1	283	1	283	3.83e-116	418
122_S1	M03287:207:000000000-JKYK6:1:1110:6112:13841	94.485	272	14	1	1	272	1	271	3.83e-116	418
122_S1	M03287:207:000000000-JKYK6:1:2112:18001:12038	94.776	268	13	1	1	268	1	267	1.38e-115	416
122_S1	M03287:207:000000000-JKYK6:1:2111:24755:22888	95.076	264	13	0	1	264	1	264	1.38e-115	416
122_S1	M03287:207:000000000-JKYK6:1:2110:11572:2666	94.465	271	14	1	1	271	1	270	1.38e-115	416
122_S1	M03287:207:000000000-JKYK6:1:2101:4484:8732	94.757	267	14	0	1	267	1	267	1.38e-115	416
122_S1	M03287:207:000000000-JKYK6:1:1111:11907:10758	95.076	264	13	0	1	264	1	264	1.38e-115	416
122_S1	M03287:207:000000000-JKYK6:1:1111:25645:6532	95.131	267	8	5	1	264	1	265	1.38e-115	416
122_S1	M03287:207:000000000-JKYK6:1:1103:16192:22809	93.594	281	15	3	1	280	1	279	1.38e-115	416
122_S1	M03287:207:000000000-JKYK6:1:2119:5600:20832	94.118	272	16	0	1	272	1	272	4.96e-115	414
122_S1	M03287:207:000000000-JKYK6:1:2119:4487:12619	95.057	263	13	0	1	263	1	263	4.96e-115	414
122_S1	M03287:207:000000000-JKYK6:1:2116:16831:22377	94.118	272	16	0	1	272	1	272	4.96e-115	414
122_S1	M03287:207:000000000-JKYK6:1:2111:10898:17985	94.444	270	13	2	1	269	1	269	4.96e-115	414
122_S1	M03287:207:000000000-JKYK6:1:2111:3835:10943	94.118	272	16	0	1	272	1	272	4.96e-115	414
122_S1	M03287:207:000000000-JKYK6:1:2110:9015:6750	94.444	270	14	1	1	269	1	270	4.96e-115	414
122_S1	M03287:207:000000000-JKYK6:1:2109:26729:10909	94.444	270	14	1	1	269	1	270	4.96e-115	414
122_S1	M03287:207:000000000-JKYK6:1:2105:20623:16507	93.262	282	17	2	1	281	1	281	4.96e-115	414
122_S1	M03287:207:000000000-JKYK6:1:2103:25223:17867	94.118	272	16	0	1	272	1	272	4.96e-115	414
122_S1	M03287:207:000000000-JKYK6:1:1117:18029:20866	94.118	272	16	0	1	272	1	272	4.96e-115	414
122_S1	M03287:207:000000000-JKYK6:1:1117:11894:6363	94.118	272	16	0	1	272	1	272	4.96e-115	414
122_S1	M03287:207:000000000-JKYK6:1:1116:8420:1809	95.076	264	11	2	1	263	1	263	4.96e-115	414
122_S1	M03287:207:000000000-JKYK6:1:1113:20518:3977	94.118	272	16	0	1	272	1	272	4.96e-115	414
122_S1	M03287:207:000000000-JKYK6:1:1111:17525:7592	94.424	269	15	0	1	269	1	269	4.96e-115	414
122_S1	M03287:207:000000000-JKYK6:1:1111:12105:2438	94.757	267	12	2	1	266	1	266	4.96e-115	414
122_S1	M03287:207:000000000-JKYK6:1:1110:7114:20513	94.118	272	16	0	1	272	1	272	4.96e-115	414
122_S1	M03287:207:000000000-JKYK6:1:1109:9906:1523	93.286	283	15	4	1	281	1	281	4.96e-115	414
122_S1	M03287:207:000000000-JKYK6:1:1106:9114:23737	93.286	283	15	4	1	281	1	281	4.96e-115	414
122_S1	M03287:207:000000000-JKYK6:1:1104:3619:17896	95.057	263	13	0	1	263	1	263	4.96e-115	414
122_S1	M03287:207:000000000-JKYK6:1:2109:8066:23192	94.737	266	12	2	1	265	1	265	1.78e-114	412
122_S1	M03287:207:000000000-JKYK6:1:2108:8377:16640	94.737	266	12	2	1	265	1	265	1.78e-114	412
122_S1	M03287:207:000000000-JKYK6:1:2107:11854:22454	94.737	266	12	2	1	265	1	265	1.78e-114	412
122_S1	M03287:207:000000000-JKYK6:1:2103:25235:17852	94.717	265	14	0	1	265	1	265	1.78e-114	412
122_S1	M03287:207:000000000-JKYK6:1:1118:25777:3619	95.367	259	12	0	1	259	1	259	1.78e-114	412
122_S1	M03287:207:000000000-JKYK6:1:1116:12130:10987	94.737	266	13	1	1	266	1	265	1.78e-114	412
122_S1	M03287:207:000000000-JKYK6:1:1112:4883:9748	94.717	265	14	0	1	265	1	265	1.78e-114	412
122_S1	M03287:207:000000000-JKYK6:1:1110:6105:13825	94.118	272	15	1	1	272	1	271	1.78e-114	412
122_S1	M03287:207:000000000-JKYK6:1:2115:20092:8434	95.019	261	13	0	1	261	1	261	6.41e-114	411
122_S1	M03287:207:000000000-JKYK6:1:2110:19962:19453	94.382	267	15	0	1	267	1	267	6.41e-114	411
122_S1	M03287:207:000000000-JKYK6:1:1112:6450:13795	93.190	279	19	0	1	279	1	279	6.41e-114	411
122_S1	M03287:207:000000000-JKYK6:1:1112:4889:9765	94.697	264	14	0	1	264	1	264	6.41e-114	411
122_S1	M03287:207:000000000-JKYK6:1:1107:21642:2926	95.019	261	13	0	1	261	1	261	6.41e-114	411
122_S1	M03287:207:000000000-JKYK6:1:2118:11464:5814	93.750	272	17	0	1	272	1	272	2.31e-113	409
122_S1	M03287:207:000000000-JKYK6:1:2109:13038:16724	94.074	270	15	1	1	269	1	270	2.31e-113	409
122_S1	M03287:207:000000000-JKYK6:1:2109:20683:15555	94.074	270	15	1	1	269	1	270	2.31e-113	409
122_S1	M03287:207:000000000-JKYK6:1:2106:9565:21344	93.750	272	17	0	1	272	1	272	2.31e-113	409
122_S1	M03287:207:000000000-JKYK6:1:2105:21433:13085	93.773	273	15	2	1	272	1	272	2.31e-113	409
122_S1	M03287:207:000000000-JKYK6:1:1114:13528:12258	94.403	268	12	3	1	268	1	265	2.31e-113	409
122_S1	M03287:207:000000000-JKYK6:1:1109:22650:18418	92.908	282	18	2	1	281	1	281	2.31e-113	409
122_S1	M03287:207:000000000-JKYK6:1:1104:21020:10049	93.750	272	17	0	1	272	1	272	2.31e-113	409
122_S1	M03287:207:000000000-JKYK6:1:2109:26706:10914	94.361	266	14	1	1	266	1	265	8.29e-113	407
122_S1	M03287:207:000000000-JKYK6:1:2105:26037:13890	94.340	265	15	0	1	265	1	265	8.29e-113	407
122_S1	M03287:207:000000000-JKYK6:1:2104:16481:3111	94.656	262	14	0	1	262	1	262	8.29e-113	407
122_S1	M03287:207:000000000-JKYK6:1:1111:6370:13081	94.340	265	15	0	1	265	1	265	8.29e-113	407
122_S1	M03287:207:000000000-JKYK6:1:1108:6991:23596	92.606	284	19	2	1	283	1	283	8.29e-113	407
122_S1	M03287:207:000000000-JKYK6:1:1104:17319:6451	94.340	265	15	0	1	265	1	265	8.29e-113	407
122_S1	M03287:207:000000000-JKYK6:1:1102:8900:18690	93.727	271	17	0	1	271	1	271	8.29e-113	407
122_S1	M03287:207:000000000-JKYK6:1:1101:24185:15787	93.455	275	17	1	1	274	1	275	8.29e-113	407
122_S1	M03287:207:000000000-JKYK6:1:1101:23094:2936	92.908	282	17	3	1	280	1	281	8.29e-113	407
122_S1	M03287:207:000000000-JKYK6:1:2110:11570:2636	94.636	261	14	0	1	261	1	261	2.98e-112	405
122_S1	M03287:207:000000000-JKYK6:1:2118:29635:14397	94.636	261	12	2	1	260	1	260	1.07e-111	403
122_S1	M03287:207:000000000-JKYK6:1:2110:19980:19454	93.382	272	18	0	1	272	1	272	1.07e-111	403
122_S1	M03287:207:000000000-JKYK6:1:1119:19568:22659	93.382	272	18	0	1	272	1	272	1.07e-111	403
122_S1	M03287:207:000000000-JKYK6:1:1119:18116:6033	93.382	272	18	0	1	272	1	272	1.07e-111	403
122_S1	M03287:207:000000000-JKYK6:1:1116:25386:10590	93.382	272	18	0	1	272	1	272	1.07e-111	403
122_S1	M03287:207:000000000-JKYK6:1:1115:24604:22304	93.382	272	18	0	1	272	1	272	1.07e-111	403
122_S1	M03287:207:000000000-JKYK6:1:1115:17331:4886	93.382	272	18	0	1	272	1	272	1.07e-111	403
122_S1	M03287:207:000000000-JKYK6:1:1107:18515:4386	94.297	263	15	0	1	263	1	263	1.07e-111	403
122_S1	M03287:207:000000000-JKYK6:1:1106:28103:19207	93.382	272	18	0	1	272	1	272	1.07e-111	403
122_S1	M03287:207:000000000-JKYK6:1:1101:24166:15792	94.007	267	14	2	1	267	1	265	1.07e-111	403
122_S1	M03287:207:000000000-JKYK6:1:2118:16592:24493	93.962	265	16	0	1	265	1	265	3.86e-111	401
122_S1	M03287:207:000000000-JKYK6:1:2116:15996:1961	95.968	248	8	2	1	247	1	247	3.86e-111	401
122_S1	M03287:207:000000000-JKYK6:1:2112:27931:13873	93.382	272	16	2	1	271	1	271	3.86e-111	401
122_S1	M03287:207:000000000-JKYK6:1:2111:13973:1822	94.007	267	13	3	1	266	1	265	3.86e-111	401
122_S1	M03287:207:000000000-JKYK6:1:2102:18800:11407	92.226	283	22	0	1	283	1	283	3.86e-111	401
122_S1	M03287:207:000000000-JKYK6:1:1117:19071:2440	93.358	271	16	2	1	271	1	269	1.39e-110	399
122_S1	M03287:207:000000000-JKYK6:1:2112:16738:24227	93.609	266	17	0	1	266	1	266	4.99e-110	398
122_S1	M03287:207:000000000-JKYK6:1:2109:3684:14725	93.015	272	19	0	1	272	1	272	4.99e-110	398
122_S1	M03287:207:000000000-JKYK6:1:2103:27249:7058	90.909	297	25	2	1	296	1	296	4.99e-110	398
122_S1	M03287:207:000000000-JKYK6:1:1118:19795:2334	95.219	251	12	0	1	251	1	251	4.99e-110	398
122_S1	M03287:207:000000000-JKYK6:1:1116:25397:10576	93.633	267	15	2	1	267	1	265	4.99e-110	398
122_S1	M03287:207:000000000-JKYK6:1:1108:16618:24592	93.040	273	17	2	1	272	1	272	4.99e-110	398
122_S1	M03287:207:000000000-JKYK6:1:2104:20439:22813	93.609	266	15	2	1	266	1	264	1.80e-109	396
122_S1	M03287:207:000000000-JKYK6:1:1119:24840:23638	93.040	273	16	3	1	272	1	271	1.80e-109	396
122_S1	M03287:207:000000000-JKYK6:1:1118:15977:10228	92.500	280	16	4	1	275	1	280	1.80e-109	396
122_S1	M03287:207:000000000-JKYK6:1:1115:25346:23362	93.040	273	16	3	1	271	1	272	1.80e-109	396
122_S1	M03287:207:000000000-JKYK6:1:1104:7000:7215	94.208	259	15	0	1	259	1	259	1.80e-109	396
122_S1	M03287:207:000000000-JKYK6:1:2103:25159:9209	92.647	272	20	0	1	272	1	272	2.32e-108	392
122_S1	M03287:207:000000000-JKYK6:1:1118:15923:24309	97.391	230	6	0	1	230	1	230	2.32e-108	392
122_S1	M03287:207:000000000-JKYK6:1:1108:24588:23090	91.638	287	18	6	1	284	1	284	2.32e-108	392
122_S1	M03287:207:000000000-JKYK6:1:2118:27577:6482	92.058	277	22	0	1	277	1	277	8.35e-108	390
122_S1	M03287:207:000000000-JKYK6:1:2112:3905:11641	93.822	259	16	0	1	259	1	259	8.35e-108	390
122_S1	M03287:207:000000000-JKYK6:1:2109:8087:23183	93.822	259	16	0	1	259	1	259	8.35e-108	390
122_S1	M03287:207:000000000-JKYK6:1:2103:27259:7043	93.208	265	18	0	1	265	1	265	8.35e-108	390
122_S1	M03287:207:000000000-JKYK6:1:2101:14212:20633	93.208	265	18	0	1	265	1	265	8.35e-108	390
122_S1	M03287:207:000000000-JKYK6:1:1118:23767:6002	92.910	268	19	0	1	268	1	268	8.35e-108	390
122_S1	M03287:207:000000000-JKYK6:1:1116:14071:24937	92.937	269	17	2	1	269	1	267	8.35e-108	390
122_S1	M03287:207:000000000-JKYK6:1:1110:14244:25003	92.647	272	18	2	1	271	1	271	8.35e-108	390
122_S1	M03287:207:000000000-JKYK6:1:1108:16634:24603	93.258	267	14	4	1	265	1	265	8.35e-108	390
122_S1	M03287:207:000000000-JKYK6:1:1102:17036:16215	93.208	265	18	0	1	265	1	265	8.35e-108	390
122_S1	M03287:207:000000000-JKYK6:1:2103:8167:23212	91.519	283	22	2	1	282	1	282	3.00e-107	388
122_S1	M03287:207:000000000-JKYK6:1:1116:2969:8298	92.336	274	20	1	1	273	1	274	3.00e-107	388
122_S1	M03287:207:000000000-JKYK6:1:1109:18652:22280	92.620	271	18	2	1	269	1	271	3.00e-107	388
122_S1	M03287:207:000000000-JKYK6:1:1104:21998:10217	93.487	261	17	0	1	261	1	261	3.00e-107	388
122_S1	M03287:207:000000000-JKYK6:1:2111:10071:22608	91.549	284	18	6	1	281	1	281	1.08e-106	387
122_S1	M03287:207:000000000-JKYK6:1:2110:16342:12856	92.279	272	21	0	1	272	1	272	1.08e-106	387
122_S1	M03287:207:000000000-JKYK6:1:1116:2818:10050	92.279	272	21	0	1	272	1	272	1.08e-106	387
122_S1	M03287:207:000000000-JKYK6:1:1109:3338:10539	92.593	270	19	1	1	269	1	270	1.08e-106	387
122_S1	M03287:207:000000000-JKYK6:1:1106:9132:23737	92.593	270	19	1	1	269	1	270	1.08e-106	387
122_S1	M03287:207:000000000-JKYK6:1:2114:8135:23389	92.910	268	14	5	1	266	1	265	3.89e-106	385
122_S1	M03287:207:000000000-JKYK6:1:2112:16732:24245	90.690	290	25	2	1	289	1	289	3.89e-106	385
122_S1	M03287:207:000000000-JKYK6:1:2110:11849:15219	92.830	265	19	0	1	265	1	265	3.89e-106	385
122_S1	M03287:207:000000000-JKYK6:1:1107:9912:19919	92.279	272	19	2	1	271	1	271	3.89e-106	385
122_S1	M03287:207:000000000-JKYK6:1:1105:10308:5044	96.552	232	8	0	1	232	1	232	3.89e-106	385
122_S1	M03287:207:000000000-JKYK6:1:1104:17301:6449	92.830	265	19	0	1	265	1	265	3.89e-106	385
122_S1	M03287:207:000000000-JKYK6:1:2110:25706:16302	96.154	234	9	0	1	234	1	234	1.40e-105	383
122_S1	M03287:207:000000000-JKYK6:1:2108:15319:24138	92.509	267	20	0	1	267	1	267	1.40e-105	383
122_S1	M03287:207:000000000-JKYK6:1:2102:6989:5862	92.509	267	20	0	1	267	1	267	1.40e-105	383
122_S1	M03287:207:000000000-JKYK6:1:1114:19366:2790	93.103	261	18	0	1	261	1	261	1.40e-105	383
122_S1	M03287:207:000000000-JKYK6:1:2106:12020:24709	91.912	272	22	0	1	272	1	272	5.03e-105	381
122_S1	M03287:207:000000000-JKYK6:1:1115:24592:22320	91.941	273	20	2	1	272	1	272	5.03e-105	381
122_S1	M03287:207:000000000-JKYK6:1:2112:7325:13842	91.971	274	17	5	1	271	1	272	1.81e-104	379
122_S1	M03287:207:000000000-JKYK6:1:2111:9724:24891	91.941	273	18	4	1	272	1	270	1.81e-104	379
122_S1	M03287:207:000000000-JKYK6:1:2104:16488:3094	93.077	260	17	1	1	259	1	260	1.81e-104	379
122_S1	M03287:207:000000000-JKYK6:1:1115:24587:22299	92.453	265	20	0	1	265	1	265	1.81e-104	379
122_S1	M03287:207:000000000-JKYK6:1:1107:18515:4423	93.077	260	16	2	1	259	1	259	1.81e-104	379
122_S1	M03287:207:000000000-JKYK6:1:2109:3703:14726	93.976	249	15	0	1	249	1	249	6.50e-104	377
122_S1	M03287:207:000000000-JKYK6:1:1117:11967:6976	91.882	271	20	2	1	270	1	270	6.50e-104	377
122_S1	M03287:207:000000000-JKYK6:1:1113:20374:20216	89.899	297	24	6	1	294	1	294	6.50e-104	377
122_S1	M03287:207:000000000-JKYK6:1:1103:25455:20397	92.453	265	18	2	1	264	1	264	6.50e-104	377
122_S1	M03287:207:000000000-JKYK6:1:2117:17505:20062	89.369	301	28	4	1	299	1	299	2.34e-103	375
122_S1	M03287:207:000000000-JKYK6:1:2101:4466:8728	91.544	272	23	0	1	272	1	272	2.34e-103	375
122_S1	M03287:207:000000000-JKYK6:1:1111:6399:13066	91.575	273	21	2	1	272	1	272	2.34e-103	375
122_S1	M03287:207:000000000-JKYK6:1:2111:10061:22624	90.813	283	20	6	1	280	1	280	8.41e-103	374
122_S1	M03287:207:000000000-JKYK6:1:2111:10881:17978	92.664	259	19	0	1	259	1	259	8.41e-103	374
122_S1	M03287:207:000000000-JKYK6:1:2110:19948:1900	95.690	232	10	0	1	232	1	232	8.41e-103	374
122_S1	M03287:207:000000000-JKYK6:1:1107:9926:19895	92.135	267	17	4	1	265	1	265	8.41e-103	374
122_S1	M03287:207:000000000-JKYK6:1:1103:15929:22357	91.791	268	22	0	5	272	5	272	8.41e-103	374
122_S1	M03287:207:000000000-JKYK6:1:1102:19565:24969	92.664	259	19	0	1	259	1	259	8.41e-103	374
122_S1	M03287:207:000000000-JKYK6:1:1106:9110:23755	94.239	243	14	0	1	243	1	243	3.03e-102	372
122_S1	M03287:207:000000000-JKYK6:1:1102:11321:24779	94.937	237	12	0	1	237	1	237	3.03e-102	372
122_S1	M03287:207:000000000-JKYK6:1:2118:6336:4740	91.176	272	24	0	1	272	1	272	1.09e-101	370
122_S1	M03287:207:000000000-JKYK6:1:1109:9921:1535	91.176	272	24	0	1	272	1	272	1.09e-101	370
122_S1	M03287:207:000000000-JKYK6:1:1106:12052:24559	95.259	232	11	0	1	232	1	232	3.91e-101	368
122_S1	M03287:207:000000000-JKYK6:1:2102:18815:11416	91.273	275	15	7	1	274	1	267	1.41e-100	366
122_S1	M03287:207:000000000-JKYK6:1:1109:9903:1506	94.515	237	13	0	1	237	1	237	1.41e-100	366
122_S1	M03287:207:000000000-JKYK6:1:2112:16716:24236	91.386	267	21	2	1	267	1	265	5.06e-100	364
122_S1	M03287:207:000000000-JKYK6:1:2118:9871:20740	91.892	259	21	0	1	259	1	259	1.82e-99	363
122_S1	M03287:207:000000000-JKYK6:1:2115:14951:13566	90.036	281	27	1	1	280	1	281	1.82e-99	363
122_S1	M03287:207:000000000-JKYK6:1:1113:23394:23780	92.829	251	16	2	1	250	1	250	1.82e-99	363
122_S1	M03287:207:000000000-JKYK6:1:2104:19396:1431	93.443	244	14	2	1	243	1	243	6.55e-99	361
122_S1	M03287:207:000000000-JKYK6:1:1116:4299:15478	90.545	275	23	3	1	273	1	274	6.55e-99	361
122_S1	M03287:207:000000000-JKYK6:1:2119:14181:7350	90.441	272	26	0	1	272	1	272	2.36e-98	359
122_S1	M03287:207:000000000-JKYK6:1:1107:18897:18748	90.441	272	26	0	1	272	1	272	2.36e-98	359
122_S1	M03287:207:000000000-JKYK6:1:1106:9589:24213	91.011	267	23	1	1	266	1	267	2.36e-98	359
122_S1	M03287:207:000000000-JKYK6:1:1106:26570:13271	90.217	276	26	1	1	275	1	276	2.36e-98	359
122_S1	M03287:207:000000000-JKYK6:1:1105:10090:5877	90.441	272	26	0	1	272	1	272	2.36e-98	359
122_S1	M03287:207:000000000-JKYK6:1:1103:10901:10263	90.441	272	26	0	1	272	1	272	2.36e-98	359
122_S1	M03287:207:000000000-JKYK6:1:1109:25190:3244	90.943	265	24	0	1	265	1	265	8.47e-98	357
122_S1	M03287:207:000000000-JKYK6:1:2111:27396:19699	90.909	264	24	0	1	264	1	264	3.05e-97	355
122_S1	M03287:207:000000000-JKYK6:1:2110:21210:13645	89.855	276	27	1	1	275	1	276	1.10e-96	353
122_S1	M03287:207:000000000-JKYK6:1:2109:26728:10927	90.406	271	23	3	1	269	1	270	1.10e-96	353
122_S1	M03287:207:000000000-JKYK6:1:2107:12873:25211	90.110	273	25	2	1	272	1	272	1.10e-96	353
122_S1	M03287:207:000000000-JKYK6:1:2106:5772:18832	90.074	272	27	0	1	272	1	272	1.10e-96	353
122_S1	M03287:207:000000000-JKYK6:1:2105:21434:13067	90.074	272	27	0	1	272	1	272	1.10e-96	353
122_S1	M03287:207:000000000-JKYK6:1:1111:22930:14436	90.074	272	27	0	1	272	1	272	1.10e-96	353
122_S1	M03287:207:000000000-JKYK6:1:2106:5754:18833	90.566	265	25	0	1	265	1	265	3.94e-96	351
122_S1	M03287:207:000000000-JKYK6:1:2101:8966:24610	90.602	266	24	1	1	266	1	265	3.94e-96	351
122_S1	M03287:207:000000000-JKYK6:1:1119:22801:19188	90.706	269	18	7	1	266	1	265	3.94e-96	351
122_S1	M03287:207:000000000-JKYK6:1:1117:16842:23312	90.146	274	22	4	1	271	1	272	3.94e-96	351
122_S1	M03287:207:000000000-JKYK6:1:1115:24610:22325	90.875	263	22	2	1	262	1	262	3.94e-96	351
122_S1	M03287:207:000000000-JKYK6:1:1111:13211:15581	91.154	260	21	2	1	259	1	259	3.94e-96	351
122_S1	M03287:207:000000000-JKYK6:1:2107:17069:12346	90.530	264	25	0	1	264	1	264	1.42e-95	350
122_S1	M03287:207:000000000-JKYK6:1:2106:25470:22455	90.335	269	23	3	1	268	1	267	1.42e-95	350
122_S1	M03287:207:000000000-JKYK6:1:1106:3979:10078	89.493	276	27	2	1	275	1	275	5.10e-95	348
122_S1	M03287:207:000000000-JKYK6:1:1103:10883:10254	89.744	273	26	2	1	272	1	272	5.10e-95	348
122_S1	M03287:207:000000000-JKYK6:1:2113:23481:17415	90.189	265	26	0	1	265	1	265	1.83e-94	346
122_S1	M03287:207:000000000-JKYK6:1:2103:24236:14570	90.189	265	26	0	1	265	1	265	1.83e-94	346
122_S1	M03287:207:000000000-JKYK6:1:1105:6498:23190	90.262	267	23	3	1	266	1	265	1.83e-94	346
122_S1	M03287:207:000000000-JKYK6:1:2113:23486:17432	89.338	272	29	0	1	272	1	272	2.37e-93	342
122_S1	M03287:207:000000000-JKYK6:1:2105:20611:16494	89.338	272	29	0	1	272	1	272	2.37e-93	342
122_S1	M03287:207:000000000-JKYK6:1:2117:23595:8945	89.811	265	27	0	1	265	1	265	8.53e-93	340
122_S1	M03287:207:000000000-JKYK6:1:2117:24005:2330	90.347	259	25	0	1	259	1	259	8.53e-93	340
122_S1	M03287:207:000000000-JKYK6:1:1111:12094:2420	91.532	248	19	2	1	247	1	247	8.53e-93	340
122_S1	M03287:207:000000000-JKYK6:1:1116:4285:15489	89.130	276	25	5	1	273	1	274	3.07e-92	339
122_S1	M03287:207:000000000-JKYK6:1:2110:21227:13653	88.971	272	30	0	1	272	1	272	1.10e-91	337
122_S1	M03287:207:000000000-JKYK6:1:2103:24254:14562	88.971	272	30	0	1	272	1	272	1.10e-91	337
122_S1	M03287:207:000000000-JKYK6:1:1119:23968:18954	88.971	272	30	0	1	272	1	272	1.10e-91	337
122_S1	M03287:207:000000000-JKYK6:1:1118:27069:10126	88.971	272	30	0	1	272	1	272	1.10e-91	337
122_S1	M03287:207:000000000-JKYK6:1:1111:22917:14420	88.809	277	28	3	1	275	1	276	1.10e-91	337
122_S1	M03287:207:000000000-JKYK6:1:1102:26902:9622	88.971	272	30	0	1	272	1	272	1.10e-91	337
122_S1	M03287:207:000000000-JKYK6:1:2119:14167:7331	89.474	266	27	1	1	266	1	265	3.97e-91	335
122_S1	M03287:207:000000000-JKYK6:1:2103:4276:16054	89.434	265	28	0	1	265	1	265	3.97e-91	335
122_S1	M03287:207:000000000-JKYK6:1:2118:22163:23878	89.734	263	23	3	1	261	1	261	1.43e-90	333
122_S1	M03287:207:000000000-JKYK6:1:2115:14951:13548	89.394	264	28	0	1	264	1	264	1.43e-90	333
122_S1	M03287:207:000000000-JKYK6:1:1103:15940:22340	88.448	277	30	2	5	280	5	280	1.43e-90	333
122_S1	M03287:207:000000000-JKYK6:1:2108:11546:3520	88.645	273	29	2	1	272	1	272	5.14e-90	331
122_S1	M03287:207:000000000-JKYK6:1:2102:25578:6947	88.645	273	29	2	1	272	1	272	5.14e-90	331
122_S1	M03287:207:000000000-JKYK6:1:1102:13916:14267	88.645	273	29	2	1	272	1	272	5.14e-90	331
122_S1	M03287:207:000000000-JKYK6:1:2119:4490:6350	87.900	281	33	1	1	280	1	281	1.85e-89	329
122_S1	M03287:207:000000000-JKYK6:1:2117:18089:19945	89.098	266	28	1	1	266	1	265	1.85e-89	329
122_S1	M03287:207:000000000-JKYK6:1:2116:16850:22391	89.695	262	21	6	1	259	1	259	1.85e-89	329
122_S1	M03287:207:000000000-JKYK6:1:2103:8474:3629	92.275	233	16	2	1	232	1	232	1.85e-89	329
122_S1	M03287:207:000000000-JKYK6:1:1119:23985:18959	88.603	272	30	1	1	271	1	272	1.85e-89	329
122_S1	M03287:207:000000000-JKYK6:1:2113:13485:1387	89.179	268	22	7	1	265	1	264	6.64e-89	327
122_S1	M03287:207:000000000-JKYK6:1:2111:13991:1818	93.981	216	13	0	1	216	1	216	6.64e-89	327
122_S1	M03287:207:000000000-JKYK6:1:2106:5752:18850	88.806	268	27	3	1	268	1	265	2.39e-88	326
# BLAST processed 1 queries

